Bad apples
(-38.676720, -47.183376, 0.000000) <-- (-38.676720, -47.183376, 0.000000)
(1.389904, 89.472145, 0.000000) <-- (1.389904, 89.472145, 0.000000)
(51.338141, 29.301183, 0.000000) <-- (51.338141, 29.301183, 0.000000)
(-60.117037, 21.187969, 0.000000) <-- (-11.614502, -48.258201, 0.000000)
There yet? 84.70694496166215
(-60.117037, 21.187969, 0.000000) <-- (-14.604740, -47.938653, 0.000000)
There yet? 82.76387555949718
(-60.117037, 21.187969, 0.000000) <-- (-15.004003, -47.627209, 0.000000)
There yet? 82.2843517084847
(-60.117037, 21.187969, 0.000000) <-- (-15.084953, -47.527876, 0.000000)
There yet? 82.15689866757371
(-60.117037, 21.187969, 0.000000) <-- (-15.106632, -47.498723, 0.000000)
There yet? 82.12063166322422
(-60.117037, 21.187969, 0.000000) <-- (-15.112889, -47.490216, 0.000000)
There yet? 82.11008689947717
(-60.117037, 21.187969, 0.000000) <-- (-15.114720, -47.487729, 0.000000)
There yet? 82.10700291816161
(-60.117037, 21.187969, 0.000000) <-- (-15.115257, -47.487000, 0.000000)
There yet? 82.1060995220248
(-60.117037, 21.187969, 0.000000) <-- (-15.115414, -47.486787, 0.000000)
There yet? 82.105834772264
(-60.117037, 21.187969, 0.000000) <-- (-15.115460, -47.486724, 0.000000)
There yet? 82.10575717499545
(-60.117037, 21.187969, 0.000000) <-- (-15.115474, -47.486706, 0.000000)
There yet? 82.10573443070062
(-60.117037, 21.187969, 0.000000) <-- (-15.115478, -47.486700, 0.000000)
There yet? 82.10572776412414
(-60.117037, 21.187969, 0.000000) <-- (-15.115479, -47.486699, 0.000000)
There yet? 82.10572581007936
(-60.117037, 21.187969, 0.000000) <-- (-15.115479, -47.486698, 0.000000)
There yet? 82.1057252373275
(-60.117037, 21.187969, 0.000000) <-- (-15.115479, -47.486698, 0.000000)
There yet? 82.10572506944764






(-88.588965, 46.426615, 0.000000) <-- (-88.588965, 46.426615, 0.000000)
(13.914078, -67.524452, 0.000000) <-- (13.914078, -67.524452, 0.000000)
(61.779454, -64.179598, 0.000000) <-- (61.779454, -64.179598, 0.000000)
(-30.025774, 95.591578, 0.000000) <-- (-100.884775, 24.624732, 0.000000)
There yet? 100.28604695421281
(-30.025774, 95.591578, 0.000000) <-- (-119.179800, -11.558109, 0.000000)
There yet? 139.38972654424967
(-30.025774, 95.591578, 0.000000) <-- (-121.118540, -18.354487, 0.000000)
There yet? 145.88213685718705
(-30.025774, 95.591578, 0.000000) <-- (-121.441292, -19.720774, 0.000000)
There yet? 147.15208278267787
(-30.025774, 95.591578, 0.000000) <-- (-121.503942, -19.995654, 0.000000)
There yet? 147.40645691814095
(-30.025774, 95.591578, 0.000000) <-- (-121.516457, -20.050914, 0.000000)
There yet? 147.45755667000324
(-30.025774, 95.591578, 0.000000) <-- (-121.518969, -20.062021, 0.000000)
There yet? 147.4678255845293
(-30.025774, 95.591578, 0.000000) <-- (-121.519474, -20.064253, 0.000000)
There yet? 147.4698893075724
(-30.025774, 95.591578, 0.000000) <-- (-121.519575, -20.064701, 0.000000)
There yet? 147.4703040526199
(-30.025774, 95.591578, 0.000000) <-- (-121.519595, -20.064791, 0.000000)
There yet? 147.47038740373816




(-9.514014, -82.346600, 0.000000) <-- (-9.514014, -82.346600, 0.000000)
(60.185729, -31.965158, 0.000000) <-- (60.185729, -31.965158, 0.000000)
(-5.559292, -26.408694, 0.000000) <-- (-5.559292, -26.408694, 0.000000)
(-34.086596, 11.415834, 0.000000) <-- (45.707944, -64.035022, 0.000000)
There yet? 109.81803271095887
(-34.086596, 11.415834, 0.000000) <-- (47.395269, -61.230351, 0.000000)
There yet? 109.16392448728433
(-34.086596, 11.415834, 0.000000) <-- (48.714028, -59.529986, 0.000000)
There yet? 109.03785016069553
(-34.086596, 11.415834, 0.000000) <-- (49.536286, -58.411351, 0.000000)
There yet? 108.94320567645187
(-34.086596, 11.415834, 0.000000) <-- (50.088627, -57.626708, 0.000000)
There yet? 108.86845633182898
(-34.086596, 11.415834, 0.000000) <-- (50.482265, -57.049691, 0.000000)
There yet? 108.8091004500306
(-34.086596, 11.415834, 0.000000) <-- (50.775258, -56.609954, 0.000000)
There yet? 108.76139984510795
(-34.086596, 11.415834, 0.000000) <-- (51.000637, -56.265450, 0.000000)
There yet? 108.72255265940677
(-34.086596, 11.415834, 0.000000) <-- (51.178510, -55.989580, 0.000000)
There yet? 108.69051560566415
(-34.086596, 11.415834, 0.000000) <-- (51.321789, -55.764730, 0.000000)
There yet? 108.66379545876495
(-34.086596, 11.415834, 0.000000) <-- (51.439133, -55.578786, 0.000000)
There yet? 108.6412879665937
(-34.086596, 11.415834, 0.000000) <-- (51.536559, -55.423151, 0.000000)
There yet? 108.62216431227635
(-34.086596, 11.415834, 0.000000) <-- (51.618375, -55.291559, 0.000000)
There yet? 108.6057928321206
(-34.086596, 11.415834, 0.000000) <-- (51.687746, -55.179334, 0.000000)
There yet? 108.59168498574063
(-34.086596, 11.415834, 0.000000) <-- (51.747048, -55.082919, 0.000000)
There yet? 108.57945769583779
(-34.086596, 11.415834, 0.000000) <-- (51.798100, -54.999562, 0.000000)
There yet? 108.56880674816415
(-34.086596, 11.415834, 0.000000) <-- (51.842315, -54.927098, 0.000000)
There yet? 108.55948773278317
(-34.086596, 11.415834, 0.000000) <-- (51.880811, -54.863802, 0.000000)
There yet? 108.5513021918285
(-34.086596, 11.415834, 0.000000) <-- (51.914482, -54.808282, 0.000000)
There yet? 108.54408741129863
(-34.086596, 11.415834, 0.000000) <-- (51.944051, -54.759404, 0.000000)
There yet? 108.53770879886713
(-34.086596, 11.415834, 0.000000) <-- (51.970108, -54.716234, 0.000000)
There yet? 108.53205412184113
(-34.086596, 11.415834, 0.000000) <-- (51.993144, -54.677997, 0.000000)
There yet? 108.5270291005748
(-34.086596, 11.415834, 0.000000) <-- (52.013563, -54.644043, 0.000000)
There yet? 108.5225540017716
(-34.086596, 11.415834, 0.000000) <-- (52.031709, -54.613824, 0.000000)
There yet? 108.51856097796853
(-34.086596, 11.415834, 0.000000) <-- (52.047868, -54.586875, 0.000000)
There yet? 108.51499196996406
(-34.086596, 11.415834, 0.000000) <-- (52.062287, -54.562800, 0.000000)
There yet? 108.51179703831409
(-34.086596, 11.415834, 0.000000) <-- (52.075175, -54.541257, 0.000000)
There yet? 108.5089330250169
(-34.086596, 11.415834, 0.000000) <-- (52.086712, -54.521953, 0.000000)
There yet? 108.50636247160088
(-34.086596, 11.415834, 0.000000) <-- (52.097054, -54.504633, 0.000000)
There yet? 108.50405273802048
